[1000, 859]
[1000, 854]
[1000, 841]
[1000, 891]
[1000, 887]
[1000, 904]
[1000, 848]
[1000, 858]
[1000, 929]
[1000, 863]
[2000, 1019]
[2000, 983]
[2000, 1003]
[2000, 905]
[2000, 945]
[2000, 969]
[2000, 974]
[2000, 987]
[2000, 1036]
[2000, 949]
[3000, 1085]
[3000, 1048]
[3000, 1132]
[3000, 1085]
[3000, 1091]
[3000, 1055]
[3000, 1110]
[3000, 1069]
[3000, 1081]
[3000, 1066]
[4000, 1209]
[4000, 1190]
[4000, 1168]
[4000, 1191]
[4000, 1155]
[4000, 1140]
[4000, 1153]
[4000, 1133]
[4000, 1222]
[4000, 1150]
[5000, 1261]
[5000, 1381]
[5000, 1331]
[5000, 1207]
[5000, 1265]
[5000, 1271]
[5000, 1262]
[5000, 1289]
[5000, 1283]
[5000, 1341]
[6000, 1367]
[6000, 1418]
[6000, 1406]
[6000, 1368]
[6000, 1331]
[6000, 1330]
[6000, 1348]
[6000, 1358]
[6000, 1339]
[6000, 1344]
[7000, 1537]
[7000, 1582]
[7000, 1471]
[7000, 1497]
[7000, 1453]
[7000, 1526]
[7000, 1488]
[7000, 1475]
[7000, 1458]
[7000, 1484]
[8000, 1631]
[8000, 1572]
[8000, 1589]
[8000, 1581]
[8000, 1573]
[8000, 1608]
[8000, 1624]
[8000, 1571]
[8000, 1579]
[8000, 1544]
