[1000, 22]
[1000, 31]
[1000, 35]
[1000, 31]
[1000, 33]
[1000, 30]
[1000, 29]
[1000, 24]
[1000, 18]
[1000, 27]
[1000, 29]
[1000, 30]
[1000, 25]
[1000, 26]
[1000, 29]
[1000, 37]
[1000, 30]
[1000, 45]
[1000, 28]
[1000, 29]
[1000, 27]
[1000, 21]
[1000, 34]
[1000, 23]
[1000, 29]
[1000, 32]
[1000, 27]
[1000, 36]
[1000, 29]
[1000, 32]
[1000, 41]
[1000, 30]
[1000, 31]
[1000, 36]
[1000, 28]
[1000, 29]
[1000, 30]
[1000, 32]
[1000, 31]
[1000, 34]
[1000, 31]
[1000, 27]
[1000, 28]
[1000, 23]
[1000, 35]
[1000, 27]
[1000, 30]
[1000, 23]
[1000, 38]
[1000, 17]
[1000, 31]
[1000, 32]
[1000, 29]
[1000, 25]
[1000, 25]
[1000, 26]
[1000, 24]
[1000, 34]
[1000, 31]
[1000, 42]
[1000, 31]
[1000, 38]
[1000, 30]
[1000, 23]
[1000, 18]
[1000, 29]
[1000, 33]
[1000, 30]
[1000, 25]
[1000, 31]
[1000, 30]
[1000, 23]
[1000, 29]
[1000, 24]
[1000, 31]
[1000, 29]
[1000, 33]
[1000, 34]
[1000, 24]
[1000, 36]
[1000, 37]
[1000, 25]
[1000, 32]
[1000, 27]
[1000, 26]
[1000, 31]
[1000, 41]
[1000, 26]
[1000, 27]
[1000, 32]
[1000, 30]
[1000, 26]
[1000, 29]
[1000, 28]
[1000, 26]
[1000, 27]
[1000, 27]
[1000, 38]
[1000, 25]
[1000, 35]
[2000, 58]
[2000, 42]
[2000, 43]
[2000, 45]
[2000, 51]
[2000, 41]
[2000, 43]
[2000, 43]
[2000, 49]
[2000, 54]
[2000, 45]
[2000, 44]
[2000, 45]
[2000, 35]
[2000, 39]
[2000, 37]
[2000, 48]
[2000, 38]
[2000, 38]
[2000, 37]
[2000, 35]
[2000, 53]
[2000, 51]
[2000, 41]
[2000, 53]
[2000, 42]
[2000, 47]
[2000, 53]
[2000, 46]
[2000, 41]
[2000, 45]
[2000, 35]
[2000, 40]
[2000, 55]
[2000, 42]
[2000, 42]
[2000, 47]
[2000, 48]
[2000, 53]
[2000, 40]
[2000, 35]
[2000, 50]
[2000, 43]
[2000, 48]
[2000, 43]
[2000, 51]
[2000, 44]
[2000, 47]
[2000, 48]
[2000, 45]
[2000, 46]
[2000, 47]
[2000, 38]
[2000, 39]
[2000, 51]
[2000, 48]
[2000, 45]
[2000, 49]
[2000, 38]
[2000, 38]
[2000, 65]
[2000, 57]
[2000, 51]
[2000, 40]
[2000, 64]
[2000, 40]
[2000, 47]
[2000, 41]
[2000, 62]
[2000, 48]
[2000, 38]
[2000, 50]
[2000, 48]
[2000, 35]
[2000, 31]
[2000, 43]
[2000, 38]
[2000, 45]
[2000, 36]
[2000, 43]
[2000, 31]
[2000, 39]
[2000, 43]
[2000, 58]
[2000, 41]
[2000, 53]
[2000, 51]
[2000, 41]
[2000, 35]
[2000, 48]
[2000, 64]
[2000, 35]
[2000, 55]
[2000, 42]
[2000, 57]
[2000, 45]
[2000, 34]
[2000, 36]
[2000, 60]
[2000, 39]
[3000, 77]
[3000, 59]
[3000, 78]
[3000, 71]
[3000, 66]
[3000, 58]
[3000, 66]
[3000, 44]
[3000, 48]
[3000, 60]
[3000, 61]
[3000, 56]
[3000, 55]
[3000, 63]
[3000, 58]
[3000, 55]
[3000, 63]
[3000, 60]
[3000, 61]
[3000, 61]
[3000, 69]
[3000, 60]
[3000, 61]
[3000, 51]
[3000, 57]
[3000, 61]
[3000, 61]
[3000, 53]
[3000, 65]
[3000, 55]
[3000, 56]
[3000, 71]
[3000, 67]
[3000, 56]
[3000, 62]
[3000, 48]
[3000, 60]
[3000, 56]
[3000, 56]
[3000, 77]
[3000, 80]
[3000, 63]
[3000, 55]
[3000, 59]
[3000, 61]
[3000, 49]
[3000, 64]
[3000, 51]
[3000, 58]
[3000, 63]
[3000, 67]
[3000, 66]
[3000, 58]
[3000, 61]
[3000, 41]
[3000, 62]
[3000, 70]
[3000, 72]
[3000, 44]
[3000, 57]
[3000, 73]
[3000, 57]
[3000, 59]
[3000, 57]
[3000, 63]
[3000, 58]
[3000, 69]
[3000, 45]
[3000, 65]
[3000, 72]
[3000, 66]
[3000, 58]
[3000, 40]
[3000, 64]
[3000, 58]
[3000, 74]
[3000, 67]
[3000, 63]
[3000, 66]
[3000, 60]
[3000, 53]
[3000, 71]
[3000, 66]
[3000, 73]
[3000, 57]
[3000, 67]
[3000, 59]
[3000, 47]
[3000, 52]
[3000, 57]
[3000, 72]
[3000, 52]
[3000, 54]
[3000, 61]
[3000, 66]
[3000, 56]
[3000, 58]
[3000, 68]
[3000, 68]
[3000, 69]
[5000, 81]
[5000, 92]
[5000, 91]
[5000, 93]
[5000, 87]
[5000, 93]
[5000, 76]
[5000, 81]
[5000, 83]
[5000, 89]
[5000, 105]
[5000, 89]
[5000, 92]
[5000, 99]
[5000, 96]
[5000, 77]
[5000, 69]
[5000, 94]
[5000, 85]
[5000, 77]
[5000, 85]
[5000, 94]
[5000, 98]
[5000, 95]
[5000, 95]
[5000, 91]
[5000, 91]
[5000, 84]
[5000, 97]
[5000, 94]
[5000, 98]
[5000, 103]
[5000, 85]
[5000, 88]
[5000, 78]
[5000, 83]
[5000, 84]
[5000, 107]
[5000, 81]
[5000, 89]
[5000, 96]
[5000, 95]
[5000, 86]
[5000, 96]
[5000, 83]
[5000, 90]
[5000, 107]
[5000, 92]
[5000, 93]
[5000, 90]
[5000, 94]
[5000, 93]
[5000, 84]
[5000, 82]
[5000, 92]
[5000, 84]
[5000, 87]
[5000, 96]
[5000, 89]
[5000, 91]
[5000, 94]
[5000, 97]
[5000, 90]
[5000, 79]
[5000, 81]
[5000, 91]
[5000, 80]
[5000, 95]
[5000, 99]
[5000, 89]
[5000, 90]
[5000, 81]
[5000, 103]
[5000, 82]
[5000, 70]
[5000, 89]
[5000, 90]
[5000, 97]
[5000, 87]
[5000, 100]
[5000, 81]
[5000, 90]
[5000, 105]
[5000, 101]
[5000, 97]
[5000, 101]
[5000, 88]
[5000, 89]
[5000, 81]
[5000, 97]
[5000, 84]
[5000, 93]
[5000, 85]
[5000, 86]
[5000, 114]
[5000, 92]
[5000, 70]
[5000, 98]
[5000, 85]
[5000, 90]
[10000, 74]
[10000, 74]
[10000, 78]
[10000, 66]
[10000, 71]
[10000, 74]
[10000, 63]
[10000, 78]
[10000, 54]
[10000, 49]
[10000, 91]
[10000, 82]
[10000, 62]
[10000, 60]
[10000, 82]
[10000, 68]
[10000, 73]
[10000, 73]
[10000, 55]
[10000, 75]
[10000, 70]
[10000, 67]
[10000, 73]
[10000, 66]
[10000, 56]
[10000, 75]
[10000, 66]
[10000, 79]
[10000, 80]
[10000, 72]
[10000, 69]
[10000, 63]
[10000, 77]
[10000, 65]
[10000, 75]
[10000, 70]
[10000, 84]
[10000, 71]
[10000, 64]
[10000, 83]
[10000, 74]
[10000, 59]
[10000, 82]
[10000, 75]
[10000, 89]
[10000, 81]
[10000, 75]
[10000, 55]
[10000, 86]
[10000, 76]
[10000, 77]
[10000, 81]
[10000, 78]
[10000, 70]
[10000, 64]
[10000, 68]
[10000, 81]
[10000, 81]
[10000, 70]
[10000, 60]
[10000, 80]
[10000, 61]
[10000, 62]
[10000, 69]
[10000, 68]
[10000, 62]
[10000, 68]
[10000, 59]
[10000, 74]
[10000, 69]
[10000, 66]
[10000, 64]
[10000, 81]
[10000, 79]
[10000, 82]
[10000, 79]
[10000, 64]
[10000, 73]
[10000, 80]
[10000, 78]
[10000, 86]
[10000, 58]
[10000, 81]
[10000, 83]
[10000, 78]
[10000, 68]
[10000, 80]
[10000, 70]
[10000, 80]
[10000, 61]
[10000, 74]
[10000, 65]
[10000, 66]
[10000, 76]
[10000, 79]
[10000, 75]
[10000, 94]
[10000, 74]
[10000, 65]
[10000, 91]
[15000, 68]
[15000, 46]
[15000, 53]
[15000, 70]
[15000, 53]
[15000, 56]
[15000, 57]
[15000, 64]
[15000, 60]
[15000, 62]
[15000, 58]
[15000, 62]
[15000, 55]
[15000, 48]
[15000, 75]
[15000, 62]
[15000, 61]
[15000, 58]
[15000, 67]
[15000, 61]
[15000, 57]
[15000, 48]
[15000, 67]
[15000, 68]
[15000, 60]
[15000, 78]
[15000, 64]
[15000, 70]
[15000, 54]
[15000, 56]
[15000, 51]
[15000, 69]
[15000, 54]
[15000, 57]
[15000, 66]
[15000, 52]
[15000, 77]
[15000, 60]
[15000, 56]
[15000, 65]
[15000, 61]
[15000, 61]
[15000, 56]
[15000, 56]
[15000, 72]
[15000, 65]
[15000, 72]
[15000, 60]
[15000, 63]
[15000, 59]
[15000, 60]
[15000, 63]
[15000, 54]
[15000, 76]
[15000, 51]
[15000, 66]
[15000, 46]
[15000, 65]
[15000, 58]
[15000, 64]
[15000, 64]
[15000, 57]
[15000, 42]
[15000, 74]
[15000, 61]
[15000, 57]
[15000, 48]
[15000, 54]
[15000, 56]
[15000, 60]
[15000, 64]
[15000, 74]
[15000, 62]
[15000, 48]
[15000, 48]
[15000, 64]
[15000, 62]
[15000, 48]
[15000, 50]
[15000, 56]
[15000, 58]
[15000, 57]
[15000, 66]
[15000, 49]
[15000, 52]
[15000, 65]
[15000, 64]
[15000, 70]
[15000, 78]
[15000, 59]
[15000, 77]
[15000, 62]
[15000, 75]
[15000, 59]
[15000, 53]
[15000, 57]
[15000, 50]
[15000, 64]
[15000, 55]
[15000, 58]
[20000, 142]
[20000, 148]
[20000, 130]
[20000, 140]
[20000, 143]
[20000, 148]
[20000, 112]
[20000, 115]
[20000, 148]
[20000, 155]
[20000, 152]
[20000, 108]
[20000, 109]
[20000, 119]
[20000, 125]
[20000, 148]
[20000, 116]
[20000, 134]
[20000, 143]
[20000, 145]
[20000, 118]
[20000, 124]
[20000, 132]
[20000, 139]
[20000, 119]
[20000, 114]
[20000, 132]
[20000, 126]
[20000, 117]
[20000, 126]
[20000, 132]
[20000, 146]
[20000, 122]
[20000, 115]
[20000, 134]
[20000, 150]
[20000, 154]
[20000, 136]
[20000, 129]
[20000, 127]
[20000, 131]
[20000, 126]
[20000, 128]
[20000, 126]
[20000, 149]
[20000, 143]
[20000, 129]
[20000, 146]
[20000, 133]
[20000, 147]
[20000, 121]
[20000, 138]
[20000, 134]
[20000, 134]
[20000, 146]
[20000, 130]
[20000, 118]
[20000, 136]
[20000, 118]
[20000, 142]
[20000, 133]
[20000, 138]
[20000, 125]
[20000, 144]
[20000, 101]
[20000, 134]
[20000, 143]
[20000, 124]
[20000, 135]
[20000, 121]
[20000, 134]
[20000, 158]
[20000, 110]
[20000, 141]
[20000, 138]
[20000, 133]
[20000, 137]
[20000, 127]
[20000, 137]
[20000, 120]
[20000, 142]
[20000, 139]
[20000, 118]
[20000, 152]
[20000, 144]
[20000, 142]
[20000, 151]
[20000, 129]
[20000, 152]
[20000, 144]
[20000, 116]
[20000, 124]
[20000, 113]
[20000, 135]
[20000, 141]
[20000, 150]
[20000, 143]
[20000, 141]
[20000, 126]
[20000, 127]
[25000, 194]
[25000, 206]
[25000, 210]
[25000, 198]
[25000, 199]
[25000, 216]
[25000, 192]
[25000, 231]
[25000, 237]
[25000, 204]
[25000, 183]
[25000, 225]
[25000, 197]
[25000, 218]
[25000, 199]
[25000, 196]
[25000, 187]
[25000, 191]
[25000, 208]
[25000, 200]
[25000, 212]
[25000, 210]
[25000, 215]
[25000, 196]
[25000, 191]
[25000, 207]
[25000, 199]
[25000, 204]
[25000, 216]
[25000, 209]
[25000, 187]
[25000, 218]
[25000, 183]
[25000, 204]
[25000, 194]
[25000, 226]
[25000, 214]
[25000, 214]
[25000, 213]
[25000, 208]
[25000, 222]
[25000, 204]
[25000, 208]
[25000, 204]
[25000, 202]
[25000, 207]
[25000, 214]
[25000, 213]
[25000, 235]
[25000, 211]
[25000, 208]
[25000, 204]
[25000, 201]
[25000, 182]
[25000, 222]
[25000, 210]
[25000, 213]
[25000, 222]
[25000, 188]
[25000, 208]
[25000, 210]
[25000, 222]
[25000, 221]
[25000, 209]
[25000, 233]
[25000, 216]
[25000, 215]
[25000, 214]
[25000, 193]
[25000, 208]
[25000, 206]
[25000, 209]
[25000, 214]
[25000, 208]
[25000, 226]
[25000, 206]
[25000, 196]
[25000, 165]
[25000, 187]
[25000, 231]
[25000, 235]
[25000, 195]
[25000, 194]
[25000, 193]
[25000, 210]
[25000, 226]
[25000, 202]
[25000, 198]
[25000, 216]
[25000, 218]
[25000, 203]
[25000, 203]
[25000, 191]
[25000, 228]
[25000, 217]
[25000, 210]
[25000, 197]
[25000, 178]
[25000, 205]
[25000, 185]
[30000, 247]
[30000, 268]
[30000, 269]
[30000, 270]
[30000, 275]
[30000, 283]
[30000, 282]
[30000, 263]
[30000, 305]
[30000, 273]
[30000, 255]
[30000, 293]
[30000, 275]
[30000, 245]
[30000, 277]
[30000, 265]
[30000, 265]
[30000, 277]
[30000, 254]
[30000, 280]
[30000, 267]
[30000, 270]
[30000, 250]
[30000, 278]
[30000, 275]
[30000, 285]
[30000, 306]
[30000, 292]
[30000, 265]
[30000, 277]
[30000, 277]
[30000, 287]
[30000, 270]
[30000, 254]
[30000, 301]
[30000, 274]
[30000, 282]
[30000, 257]
[30000, 262]
[30000, 279]
[30000, 273]
[30000, 291]
[30000, 246]
[30000, 260]
[30000, 263]
[30000, 282]
[30000, 281]
[30000, 269]
[30000, 280]
[30000, 309]
[30000, 253]
[30000, 298]
[30000, 260]
[30000, 287]
[30000, 268]
[30000, 244]
[30000, 275]
[30000, 293]
[30000, 265]
[30000, 276]
[30000, 265]
[30000, 288]
[30000, 246]
[30000, 258]
[30000, 281]
[30000, 271]
[30000, 293]
[30000, 291]
[30000, 283]
[30000, 271]
[30000, 294]
[30000, 265]
[30000, 285]
[30000, 286]
[30000, 235]
[30000, 268]
[30000, 296]
[30000, 294]
[30000, 246]
[30000, 271]
[30000, 272]
[30000, 290]
[30000, 290]
[30000, 293]
[30000, 288]
[30000, 290]
[30000, 275]
[30000, 274]
[30000, 265]
[30000, 274]
[30000, 283]
[30000, 286]
[30000, 273]
[30000, 240]
[30000, 283]
[30000, 246]
[30000, 244]
[30000, 282]
[30000, 260]
[30000, 290]
[35000, 337]
[35000, 322]
[35000, 330]
[35000, 345]
[35000, 329]
[35000, 324]
[35000, 356]
[35000, 343]
[35000, 338]
[35000, 356]
[35000, 340]
[35000, 340]
[35000, 351]
[35000, 332]
[35000, 329]
[35000, 328]
[35000, 323]
[35000, 352]
[35000, 345]
[35000, 355]
[35000, 341]
[35000, 388]
[35000, 317]
[35000, 343]
[35000, 350]
[35000, 317]
[35000, 350]
[35000, 310]
[35000, 359]
[35000, 326]
[35000, 374]
[35000, 344]
[35000, 316]
[35000, 335]
[35000, 326]
[35000, 348]
[35000, 371]
[35000, 338]
[35000, 348]
[35000, 347]
[35000, 364]
[35000, 340]
[35000, 354]
[35000, 334]
[35000, 342]
[35000, 384]
[35000, 326]
[35000, 362]
[35000, 359]
[35000, 308]
[35000, 312]
[35000, 337]
[35000, 318]
[35000, 339]
[35000, 319]
[35000, 320]
[35000, 335]
[35000, 340]
[35000, 338]
[35000, 320]
[35000, 305]
[35000, 342]
[35000, 345]
[35000, 314]
[35000, 316]
[35000, 360]
[35000, 339]
[35000, 334]
[35000, 365]
[35000, 349]
[35000, 365]
[35000, 332]
[35000, 319]
[35000, 339]
[35000, 333]
[35000, 325]
[35000, 350]
[35000, 331]
[35000, 319]
[35000, 369]
[35000, 337]
[35000, 348]
[35000, 342]
[35000, 355]
[35000, 350]
[35000, 322]
[35000, 351]
[35000, 359]
[35000, 350]
[35000, 354]
[35000, 351]
[35000, 308]
[35000, 336]
[35000, 312]
[35000, 325]
[35000, 340]
[35000, 351]
[35000, 346]
[35000, 329]
[35000, 346]
[40000, 408]
[40000, 387]
[40000, 374]
[40000, 389]
[40000, 373]
[40000, 413]
[40000, 411]
[40000, 407]
[40000, 412]
[40000, 404]
[40000, 421]
[40000, 412]
[40000, 408]
[40000, 392]
[40000, 389]
[40000, 381]
[40000, 401]
[40000, 391]
[40000, 400]
[40000, 399]
[40000, 410]
[40000, 402]
[40000, 388]
[40000, 416]
[40000, 406]
[40000, 434]
[40000, 418]
[40000, 401]
[40000, 391]
[40000, 403]
[40000, 403]
[40000, 391]
[40000, 392]
[40000, 373]
[40000, 399]
[40000, 432]
[40000, 426]
[40000, 380]
[40000, 387]
[40000, 388]
[40000, 404]
[40000, 385]
[40000, 426]
[40000, 369]
[40000, 394]
[40000, 418]
[40000, 402]
[40000, 386]
[40000, 375]
[40000, 403]
[40000, 389]
[40000, 402]
[40000, 371]
[40000, 368]
[40000, 391]
[40000, 332]
[40000, 374]
[40000, 384]
[40000, 395]
[40000, 403]
[40000, 398]
[40000, 457]
[40000, 387]
[40000, 396]
[40000, 408]
[40000, 432]
[40000, 393]
[40000, 391]
[40000, 413]
[40000, 393]
[40000, 396]
[40000, 410]
[40000, 397]
[40000, 400]
[40000, 403]
[40000, 390]
[40000, 398]
[40000, 393]
[40000, 377]
[40000, 392]
[40000, 395]
[40000, 442]
[40000, 381]
[40000, 375]
[40000, 389]
[40000, 444]
[40000, 364]
[40000, 431]
[40000, 359]
[40000, 406]
[40000, 402]
[40000, 375]
[40000, 423]
[40000, 404]
[40000, 376]
[40000, 392]
[40000, 366]
[40000, 404]
[40000, 389]
[40000, 409]
