[1000, 207]
[1000, 191]
[1000, 159]
[1000, 189]
[1000, 195]
[1000, 168]
[1000, 186]
[1000, 182]
[1000, 191]
[1000, 192]
[2000, 246]
[2000, 236]
[2000, 212]
[2000, 255]
[2000, 224]
[2000, 220]
[2000, 225]
[2000, 222]
[2000, 212]
[2000, 215]
[3000, 270]
[3000, 273]
[3000, 243]
[3000, 282]
[3000, 291]
[3000, 274]
[3000, 273]
[3000, 261]
[3000, 269]
[3000, 280]
[4000, 324]
[4000, 307]
[4000, 336]
[4000, 333]
[4000, 335]
[4000, 340]
[4000, 307]
[4000, 303]
[4000, 340]
[4000, 321]
[5000, 346]
[5000, 321]
[5000, 362]
[5000, 351]
[5000, 374]
[5000, 364]
[5000, 338]
[5000, 341]
[5000, 389]
[5000, 385]
[6000, 390]
[6000, 394]
[6000, 432]
[6000, 392]
[6000, 419]
[6000, 393]
[6000, 408]
[6000, 420]
[6000, 425]
[6000, 423]
[7000, 440]
[7000, 429]
[7000, 430]
[7000, 464]
[7000, 466]
[7000, 441]
[7000, 432]
[7000, 478]
[7000, 458]
[7000, 453]
[8000, 535]
[8000, 535]
[8000, 484]
[8000, 513]
[8000, 560]
[8000, 508]
[8000, 467]
[8000, 485]
[8000, 488]
[8000, 494]
