[1000, 258]
[1000, 252]
[1000, 266]
[1000, 226]
[1000, 222]
[1000, 255]
[1000, 230]
[1000, 249]
[1000, 240]
[1000, 260]
[2000, 302]
[2000, 268]
[2000, 253]
[2000, 300]
[2000, 305]
[2000, 303]
[2000, 294]
[2000, 278]
[2000, 267]
[2000, 268]
[3000, 331]
[3000, 354]
[3000, 339]
[3000, 332]
[3000, 378]
[3000, 330]
[3000, 305]
[3000, 367]
[3000, 352]
[3000, 330]
[4000, 387]
[4000, 432]
[4000, 383]
[4000, 402]
[4000, 414]
[4000, 389]
[4000, 383]
[4000, 393]
[4000, 429]
[4000, 418]
[5000, 479]
[5000, 464]
[5000, 449]
[5000, 445]
[5000, 473]
[5000, 441]
[5000, 431]
[5000, 450]
[5000, 449]
[5000, 473]
[6000, 528]
[6000, 502]
[6000, 516]
[6000, 501]
[6000, 533]
[6000, 516]
[6000, 477]
[6000, 509]
[6000, 459]
[6000, 513]
[7000, 587]
[7000, 568]
[7000, 548]
[7000, 551]
[7000, 552]
[7000, 587]
[7000, 528]
[7000, 529]
[7000, 560]
[7000, 547]
[8000, 587]
[8000, 612]
[8000, 582]
[8000, 610]
[8000, 569]
[8000, 618]
[8000, 617]
[8000, 626]
[8000, 599]
[8000, 607]
