[1000, 27]
[1000, 25]
[1000, 27]
[1000, 33]
[1000, 30]
[1000, 27]
[1000, 28]
[1000, 24]
[1000, 32]
[1000, 36]
[2000, 42]
[2000, 48]
[2000, 51]
[2000, 38]
[2000, 31]
[2000, 34]
[2000, 37]
[2000, 49]
[2000, 50]
[2000, 50]
[3000, 60]
[3000, 54]
[3000, 67]
[3000, 52]
[3000, 58]
[3000, 48]
[3000, 45]
[3000, 46]
[3000, 64]
[3000, 64]
[4000, 77]
[4000, 85]
[4000, 78]
[4000, 81]
[4000, 85]
[4000, 86]
[4000, 67]
[4000, 68]
[4000, 81]
[4000, 67]
[5000, 107]
[5000, 70]
[5000, 99]
[5000, 85]
[5000, 78]
[5000, 94]
[5000, 80]
[5000, 108]
[5000, 86]
[5000, 79]
[6000, 124]
[6000, 109]
[6000, 108]
[6000, 95]
[6000, 101]
[6000, 83]
[6000, 105]
[6000, 99]
[6000, 93]
[6000, 95]
[7000, 121]
[7000, 131]
[7000, 132]
[7000, 136]
[7000, 114]
[7000, 118]
[7000, 115]
[7000, 115]
[7000, 117]
[7000, 103]
[8000, 145]
[8000, 131]
[8000, 139]
[8000, 123]
[8000, 148]
[8000, 138]
[8000, 138]
[8000, 143]
[8000, 138]
[8000, 136]
