[1000, 9]
[1000, 11]
[1000, 11]
[1000, 13]
[1000, 10]
[1000, 19]
[1000, 15]
[1000, 9]
[1000, 23]
[1000, 14]
[1000, 12]
[1000, 11]
[1000, 8]
[1000, 10]
[1000, 7]
[1000, 7]
[1000, 6]
[1000, 14]
[1000, 15]
[1000, 10]
[1000, 12]
[1000, 12]
[1000, 10]
[1000, 17]
[1000, 11]
[1000, 12]
[1000, 13]
[1000, 6]
[1000, 12]
[1000, 15]
[1000, 11]
[1000, 11]
[1000, 12]
[1000, 13]
[1000, 14]
[1000, 16]
[1000, 17]
[1000, 10]
[1000, 9]
[1000, 9]
[1000, 8]
[1000, 12]
[1000, 11]
[1000, 9]
[1000, 14]
[1000, 9]
[1000, 8]
[1000, 9]
[1000, 9]
[1000, 8]
[1000, 9]
[1000, 10]
[1000, 4]
[1000, 11]
[1000, 10]
[1000, 14]
[1000, 15]
[1000, 8]
[1000, 15]
[1000, 11]
[1000, 12]
[1000, 19]
[1000, 10]
[1000, 4]
[1000, 11]
[1000, 15]
[1000, 10]
[1000, 8]
[1000, 13]
[1000, 16]
[1000, 13]
[1000, 8]
[1000, 10]
[1000, 10]
[1000, 13]
[1000, 11]
[1000, 14]
[1000, 17]
[1000, 8]
[1000, 11]
[1000, 10]
[1000, 15]
[1000, 14]
[1000, 15]
[1000, 12]
[1000, 15]
[1000, 16]
[1000, 9]
[1000, 8]
[1000, 8]
[1000, 10]
[1000, 9]
[1000, 13]
[1000, 15]
[1000, 13]
[1000, 10]
[1000, 12]
[1000, 12]
[1000, 13]
[1000, 9]
[2000, 10]
[2000, 19]
[2000, 16]
[2000, 16]
[2000, 14]
[2000, 24]
[2000, 23]
[2000, 24]
[2000, 21]
[2000, 18]
[2000, 28]
[2000, 18]
[2000, 13]
[2000, 8]
[2000, 18]
[2000, 24]
[2000, 14]
[2000, 17]
[2000, 16]
[2000, 22]
[2000, 23]
[2000, 12]
[2000, 14]
[2000, 15]
[2000, 17]
[2000, 34]
[2000, 22]
[2000, 13]
[2000, 21]
[2000, 26]
[2000, 22]
[2000, 18]
[2000, 18]
[2000, 18]
[2000, 21]
[2000, 18]
[2000, 27]
[2000, 16]
[2000, 17]
[2000, 12]
[2000, 22]
[2000, 22]
[2000, 13]
[2000, 20]
[2000, 28]
[2000, 26]
[2000, 23]
[2000, 23]
[2000, 21]
[2000, 32]
[2000, 19]
[2000, 17]
[2000, 17]
[2000, 14]
[2000, 16]
[2000, 21]
[2000, 15]
[2000, 17]
[2000, 21]
[2000, 13]
[2000, 14]
[2000, 17]
[2000, 10]
[2000, 18]
[2000, 14]
[2000, 16]
[2000, 18]
[2000, 28]
[2000, 13]
[2000, 13]
[2000, 18]
[2000, 21]
[2000, 36]
[2000, 20]
[2000, 22]
[2000, 18]
[2000, 28]
[2000, 10]
[2000, 18]
[2000, 21]
[2000, 30]
[2000, 19]
[2000, 12]
[2000, 16]
[2000, 19]
[2000, 24]
[2000, 9]
[2000, 16]
[2000, 13]
[2000, 18]
[2000, 20]
[2000, 14]
[2000, 18]
[2000, 16]
[2000, 19]
[2000, 25]
[2000, 18]
[2000, 15]
[2000, 20]
[2000, 11]
[3000, 26]
[3000, 29]
[3000, 30]
[3000, 33]
[3000, 25]
[3000, 23]
[3000, 23]
[3000, 26]
[3000, 25]
[3000, 32]
[3000, 31]
[3000, 27]
[3000, 27]
[3000, 23]
[3000, 30]
[3000, 21]
[3000, 30]
[3000, 19]
[3000, 29]
[3000, 19]
[3000, 24]
[3000, 25]
[3000, 27]
[3000, 27]
[3000, 23]
[3000, 25]
[3000, 26]
[3000, 34]
[3000, 30]
[3000, 29]
[3000, 25]
[3000, 32]
[3000, 27]
[3000, 26]
[3000, 28]
[3000, 30]
[3000, 32]
[3000, 20]
[3000, 31]
[3000, 24]
[3000, 23]
[3000, 27]
[3000, 30]
[3000, 21]
[3000, 30]
[3000, 23]
[3000, 30]
[3000, 27]
[3000, 34]
[3000, 27]
[3000, 22]
[3000, 26]
[3000, 16]
[3000, 26]
[3000, 22]
[3000, 29]
[3000, 22]
[3000, 30]
[3000, 30]
[3000, 28]
[3000, 32]
[3000, 18]
[3000, 14]
[3000, 28]
[3000, 30]
[3000, 31]
[3000, 26]
[3000, 23]
[3000, 22]
[3000, 34]
[3000, 27]
[3000, 21]
[3000, 21]
[3000, 27]
[3000, 35]
[3000, 14]
[3000, 28]
[3000, 18]
[3000, 21]
[3000, 26]
[3000, 20]
[3000, 39]
[3000, 21]
[3000, 25]
[3000, 25]
[3000, 29]
[3000, 25]
[3000, 19]
[3000, 25]
[3000, 20]
[3000, 26]
[3000, 22]
[3000, 26]
[3000, 25]
[3000, 29]
[3000, 25]
[3000, 35]
[3000, 20]
[3000, 30]
[3000, 27]
[5000, 40]
[5000, 40]
[5000, 45]
[5000, 43]
[5000, 39]
[5000, 42]
[5000, 38]
[5000, 43]
[5000, 47]
[5000, 45]
[5000, 30]
[5000, 33]
[5000, 33]
[5000, 47]
[5000, 45]
[5000, 29]
[5000, 36]
[5000, 39]
[5000, 36]
[5000, 45]
[5000, 45]
[5000, 49]
[5000, 35]
[5000, 28]
[5000, 43]
[5000, 32]
[5000, 41]
[5000, 46]
[5000, 47]
[5000, 45]
[5000, 31]
[5000, 49]
[5000, 37]
[5000, 34]
[5000, 41]
[5000, 45]
[5000, 44]
[5000, 35]
[5000, 39]
[5000, 43]
[5000, 45]
[5000, 42]
[5000, 33]
[5000, 41]
[5000, 44]
[5000, 38]
[5000, 42]
[5000, 35]
[5000, 42]
[5000, 37]
[5000, 47]
[5000, 42]
[5000, 35]
[5000, 38]
[5000, 36]
[5000, 58]
[5000, 40]
[5000, 47]
[5000, 39]
[5000, 40]
[5000, 52]
[5000, 36]
[5000, 49]
[5000, 42]
[5000, 36]
[5000, 48]
[5000, 28]
[5000, 38]
[5000, 43]
[5000, 35]
[5000, 33]
[5000, 42]
[5000, 28]
[5000, 45]
[5000, 56]
[5000, 43]
[5000, 47]
[5000, 47]
[5000, 44]
[5000, 40]
[5000, 44]
[5000, 41]
[5000, 48]
[5000, 45]
[5000, 38]
[5000, 36]
[5000, 34]
[5000, 41]
[5000, 39]
[5000, 36]
[5000, 40]
[5000, 35]
[5000, 23]
[5000, 42]
[5000, 47]
[5000, 53]
[5000, 45]
[5000, 46]
[5000, 46]
[5000, 43]
[10000, 0]
[10000, 0]
[10000, 0]
[10000, 0]
[10000, 1]
[10000, 0]
[10000, 2]
[10000, 0]
[10000, 0]
[10000, 0]
[10000, 0]
[10000, 0]
[10000, 0]
[10000, 0]
[10000, 0]
[10000, 1]
[10000, 0]
[10000, 0]
[10000, 1]
[10000, 1]
[10000, 1]
[10000, 0]
[10000, 0]
[10000, 0]
[10000, 1]
[10000, 0]
[10000, 1]
[10000, 0]
[10000, 0]
[10000, 0]
[10000, 0]
[10000, 1]
[10000, 1]
[10000, 0]
[10000, 0]
[10000, 0]
[10000, 0]
[10000, 1]
[10000, 0]
[10000, 0]
[10000, 0]
[10000, 0]
[10000, 0]
[10000, 0]
[10000, 1]
[10000, 2]
[10000, 0]
[10000, 0]
[10000, 0]
[10000, 0]
[10000, 0]
[10000, 1]
[10000, 0]
[10000, 0]
[10000, 0]
[10000, 0]
[10000, 0]
[10000, 0]
[10000, 0]
[10000, 0]
[10000, 0]
[10000, 0]
[10000, 1]
[10000, 1]
[10000, 0]
[10000, 0]
[10000, 0]
[10000, 1]
[10000, 1]
[10000, 0]
[10000, 1]
[10000, 0]
[10000, 0]
[10000, 0]
[10000, 0]
[10000, 0]
[10000, 0]
[10000, 0]
[10000, 0]
[10000, 0]
[10000, 0]
[10000, 1]
[10000, 0]
[10000, 0]
[10000, 0]
[10000, 0]
[10000, 0]
[10000, 0]
[10000, 0]
[10000, 0]
[10000, 0]
[10000, 0]
[10000, 0]
[10000, 0]
[10000, 0]
[10000, 0]
[10000, 0]
[10000, 0]
[10000, 1]
[10000, 0]
[15000, 45]
[15000, 37]
[15000, 33]
[15000, 36]
[15000, 33]
[15000, 45]
[15000, 28]
[15000, 30]
[15000, 35]
[15000, 37]
[15000, 41]
[15000, 33]
[15000, 44]
[15000, 34]
[15000, 32]
[15000, 40]
[15000, 38]
[15000, 38]
[15000, 29]
[15000, 46]
[15000, 28]
[15000, 35]
[15000, 35]
[15000, 46]
[15000, 41]
[15000, 40]
[15000, 33]
[15000, 35]
[15000, 42]
[15000, 50]
[15000, 30]
[15000, 33]
[15000, 49]
[15000, 38]
[15000, 40]
[15000, 33]
[15000, 33]
[15000, 37]
[15000, 40]
[15000, 39]
[15000, 48]
[15000, 40]
[15000, 46]
[15000, 33]
[15000, 48]
[15000, 44]
[15000, 35]
[15000, 31]
[15000, 43]
[15000, 53]
[15000, 43]
[15000, 37]
[15000, 37]
[15000, 46]
[15000, 34]
[15000, 45]
[15000, 31]
[15000, 32]
[15000, 30]
[15000, 33]
[15000, 41]
[15000, 37]
[15000, 47]
[15000, 46]
[15000, 34]
[15000, 45]
[15000, 38]
[15000, 42]
[15000, 35]
[15000, 43]
[15000, 32]
[15000, 46]
[15000, 37]
[15000, 42]
[15000, 37]
[15000, 42]
[15000, 38]
[15000, 33]
[15000, 34]
[15000, 44]
[15000, 40]
[15000, 24]
[15000, 39]
[15000, 45]
[15000, 36]
[15000, 39]
[15000, 38]
[15000, 45]
[15000, 41]
[15000, 43]
[15000, 30]
[15000, 33]
[15000, 47]
[15000, 47]
[15000, 36]
[15000, 38]
[15000, 36]
[15000, 44]
[15000, 28]
[15000, 33]
[20000, 70]
[20000, 63]
[20000, 66]
[20000, 61]
[20000, 85]
[20000, 75]
[20000, 75]
[20000, 75]
[20000, 74]
[20000, 74]
[20000, 69]
[20000, 82]
[20000, 70]
[20000, 84]
[20000, 68]
[20000, 88]
[20000, 84]
[20000, 61]
[20000, 75]
[20000, 79]
[20000, 67]
[20000, 83]
[20000, 82]
[20000, 71]
[20000, 74]
[20000, 70]
[20000, 74]
[20000, 62]
[20000, 60]
[20000, 67]
[20000, 81]
[20000, 73]
[20000, 74]
[20000, 66]
[20000, 77]
[20000, 68]
[20000, 72]
[20000, 73]
[20000, 84]
[20000, 73]
[20000, 73]
[20000, 75]
[20000, 75]
[20000, 83]
[20000, 69]
[20000, 81]
[20000, 78]
[20000, 95]
[20000, 68]
[20000, 82]
[20000, 80]
[20000, 63]
[20000, 84]
[20000, 80]
[20000, 70]
[20000, 59]
[20000, 73]
[20000, 69]
[20000, 87]
[20000, 79]
[20000, 74]
[20000, 76]
[20000, 70]
[20000, 66]
[20000, 74]
[20000, 70]
[20000, 73]
[20000, 79]
[20000, 61]
[20000, 63]
[20000, 71]
[20000, 68]
[20000, 69]
[20000, 74]
[20000, 72]
[20000, 80]
[20000, 67]
[20000, 71]
[20000, 83]
[20000, 67]
[20000, 72]
[20000, 68]
[20000, 70]
[20000, 83]
[20000, 71]
[20000, 81]
[20000, 85]
[20000, 84]
[20000, 84]
[20000, 83]
[20000, 69]
[20000, 77]
[20000, 89]
[20000, 75]
[20000, 63]
[20000, 72]
[20000, 70]
[20000, 73]
[20000, 76]
[20000, 69]
[25000, 113]
[25000, 111]
[25000, 100]
[25000, 121]
[25000, 96]
[25000, 118]
[25000, 127]
[25000, 114]
[25000, 113]
[25000, 106]
[25000, 117]
[25000, 111]
[25000, 102]
[25000, 118]
[25000, 106]
[25000, 112]
[25000, 113]
[25000, 108]
[25000, 105]
[25000, 96]
[25000, 103]
[25000, 99]
[25000, 123]
[25000, 103]
[25000, 113]
[25000, 92]
[25000, 98]
[25000, 102]
[25000, 116]
[25000, 95]
[25000, 117]
[25000, 115]
[25000, 106]
[25000, 116]
[25000, 105]
[25000, 97]
[25000, 119]
[25000, 107]
[25000, 98]
[25000, 109]
[25000, 100]
[25000, 113]
[25000, 102]
[25000, 93]
[25000, 98]
[25000, 111]
[25000, 99]
[25000, 110]
[25000, 108]
[25000, 111]
[25000, 111]
[25000, 116]
[25000, 113]
[25000, 105]
[25000, 107]
[25000, 91]
[25000, 101]
[25000, 103]
[25000, 106]
[25000, 107]
[25000, 113]
[25000, 98]
[25000, 119]
[25000, 110]
[25000, 99]
[25000, 100]
[25000, 119]
[25000, 102]
[25000, 122]
[25000, 95]
[25000, 103]
[25000, 104]
[25000, 112]
[25000, 101]
[25000, 108]
[25000, 109]
[25000, 108]
[25000, 114]
[25000, 92]
[25000, 116]
[25000, 109]
[25000, 120]
[25000, 123]
[25000, 122]
[25000, 127]
[25000, 109]
[25000, 114]
[25000, 122]
[25000, 116]
[25000, 99]
[25000, 94]
[25000, 111]
[25000, 120]
[25000, 120]
[25000, 121]
[25000, 101]
[25000, 113]
[25000, 107]
[25000, 105]
[25000, 125]
[30000, 145]
[30000, 141]
[30000, 139]
[30000, 140]
[30000, 132]
[30000, 161]
[30000, 156]
[30000, 121]
[30000, 151]
[30000, 140]
[30000, 137]
[30000, 129]
[30000, 158]
[30000, 123]
[30000, 132]
[30000, 145]
[30000, 162]
[30000, 146]
[30000, 141]
[30000, 171]
[30000, 137]
[30000, 148]
[30000, 150]
[30000, 157]
[30000, 150]
[30000, 149]
[30000, 148]
[30000, 128]
[30000, 155]
[30000, 143]
[30000, 147]
[30000, 147]
[30000, 136]
[30000, 133]
[30000, 123]
[30000, 126]
[30000, 159]
[30000, 153]
[30000, 116]
[30000, 144]
[30000, 138]
[30000, 125]
[30000, 137]
[30000, 153]
[30000, 141]
[30000, 120]
[30000, 130]
[30000, 123]
[30000, 139]
[30000, 137]
[30000, 145]
[30000, 135]
[30000, 122]
[30000, 132]
[30000, 144]
[30000, 128]
[30000, 130]
[30000, 149]
[30000, 133]
[30000, 146]
[30000, 164]
[30000, 131]
[30000, 137]
[30000, 157]
[30000, 158]
[30000, 139]
[30000, 122]
[30000, 139]
[30000, 133]
[30000, 135]
[30000, 157]
[30000, 129]
[30000, 122]
[30000, 140]
[30000, 135]
[30000, 127]
[30000, 142]
[30000, 168]
[30000, 146]
[30000, 156]
[30000, 137]
[30000, 150]
[30000, 120]
[30000, 142]
[30000, 143]
[30000, 151]
[30000, 153]
[30000, 163]
[30000, 119]
[30000, 140]
[30000, 129]
[30000, 152]
[30000, 134]
[30000, 143]
[30000, 136]
[30000, 129]
[30000, 172]
[30000, 136]
[30000, 127]
[30000, 144]
[35000, 166]
[35000, 174]
[35000, 202]
[35000, 191]
[35000, 174]
[35000, 180]
[35000, 198]
[35000, 197]
[35000, 159]
[35000, 172]
[35000, 163]
[35000, 172]
[35000, 179]
[35000, 190]
[35000, 181]
[35000, 167]
[35000, 177]
[35000, 176]
[35000, 173]
[35000, 187]
[35000, 165]
[35000, 184]
[35000, 198]
[35000, 155]
[35000, 178]
[35000, 166]
[35000, 181]
[35000, 169]
[35000, 166]
[35000, 163]
[35000, 171]
[35000, 168]
[35000, 179]
[35000, 177]
[35000, 174]
[35000, 166]
[35000, 185]
[35000, 170]
[35000, 172]
[35000, 179]
[35000, 166]
[35000, 161]
[35000, 157]
[35000, 168]
[35000, 174]
[35000, 170]
[35000, 164]
[35000, 186]
[35000, 153]
[35000, 148]
[35000, 197]
[35000, 167]
[35000, 184]
[35000, 181]
[35000, 152]
[35000, 192]
[35000, 154]
[35000, 189]
[35000, 166]
[35000, 144]
[35000, 175]
[35000, 184]
[35000, 179]
[35000, 169]
[35000, 166]
[35000, 158]
[35000, 176]
[35000, 181]
[35000, 177]
[35000, 175]
[35000, 176]
[35000, 181]
[35000, 160]
[35000, 170]
[35000, 170]
[35000, 176]
[35000, 161]
[35000, 163]
[35000, 158]
[35000, 188]
[35000, 190]
[35000, 174]
[35000, 185]
[35000, 166]
[35000, 194]
[35000, 185]
[35000, 175]
[35000, 177]
[35000, 167]
[35000, 169]
[35000, 181]
[35000, 176]
[35000, 159]
[35000, 168]
[35000, 174]
[35000, 174]
[35000, 169]
[35000, 186]
[35000, 191]
[35000, 186]
[40000, 201]
[40000, 198]
[40000, 202]
[40000, 206]
[40000, 206]
[40000, 215]
[40000, 225]
[40000, 212]
[40000, 203]
[40000, 192]
[40000, 192]
[40000, 224]
[40000, 208]
[40000, 222]
[40000, 196]
[40000, 209]
[40000, 216]
[40000, 196]
[40000, 201]
[40000, 196]
[40000, 192]
[40000, 201]
[40000, 185]
[40000, 219]
[40000, 204]
[40000, 214]
[40000, 221]
[40000, 216]
[40000, 201]
[40000, 217]
[40000, 204]
[40000, 220]
[40000, 227]
[40000, 212]
[40000, 205]
[40000, 179]
[40000, 218]
[40000, 192]
[40000, 195]
[40000, 217]
[40000, 212]
[40000, 219]
[40000, 208]
[40000, 212]
[40000, 214]
[40000, 202]
[40000, 211]
[40000, 216]
[40000, 222]
[40000, 213]
[40000, 214]
[40000, 217]
[40000, 224]
[40000, 194]
[40000, 196]
[40000, 216]
[40000, 214]
[40000, 209]
[40000, 209]
[40000, 203]
[40000, 215]
[40000, 207]
[40000, 220]
[40000, 216]
[40000, 205]
[40000, 210]
[40000, 213]
[40000, 204]
[40000, 206]
[40000, 214]
[40000, 221]
[40000, 210]
[40000, 208]
[40000, 201]
[40000, 217]
[40000, 205]
[40000, 221]
[40000, 204]
[40000, 218]
[40000, 199]
[40000, 210]
[40000, 220]
[40000, 218]
[40000, 223]
[40000, 235]
[40000, 234]
[40000, 207]
[40000, 218]
[40000, 201]
[40000, 204]
[40000, 189]
[40000, 223]
[40000, 206]
[40000, 198]
[40000, 212]
[40000, 193]
[40000, 190]
[40000, 234]
[40000, 204]
[40000, 216]
