[1000, 388]
[1000, 383]
[1000, 381]
[1000, 378]
[1000, 372]
[1000, 344]
[1000, 388]
[1000, 383]
[1000, 398]
[1000, 371]
[2000, 392]
[2000, 456]
[2000, 455]
[2000, 448]
[2000, 432]
[2000, 497]
[2000, 420]
[2000, 427]
[2000, 478]
[2000, 446]
[3000, 526]
[3000, 514]
[3000, 522]
[3000, 539]
[3000, 521]
[3000, 492]
[3000, 533]
[3000, 512]
[3000, 523]
[3000, 540]
[4000, 631]
[4000, 539]
[4000, 599]
[4000, 607]
[4000, 625]
[4000, 626]
[4000, 576]
[4000, 564]
[4000, 600]
[4000, 596]
[5000, 663]
[5000, 637]
[5000, 624]
[5000, 666]
[5000, 636]
[5000, 672]
[5000, 682]
[5000, 641]
[5000, 631]
[5000, 670]
[6000, 711]
[6000, 706]
[6000, 752]
[6000, 711]
[6000, 686]
[6000, 745]
[6000, 744]
[6000, 743]
[6000, 733]
[6000, 690]
[7000, 745]
[7000, 769]
[7000, 808]
[7000, 747]
[7000, 846]
[7000, 797]
[7000, 803]
[7000, 759]
[7000, 777]
[7000, 802]
[8000, 828]
[8000, 836]
[8000, 834]
[8000, 869]
[8000, 833]
[8000, 874]
[8000, 820]
[8000, 828]
[8000, 812]
[8000, 846]
