[1000, 465]
[1000, 480]
[1000, 431]
[1000, 432]
[1000, 435]
[1000, 444]
[1000, 455]
[1000, 470]
[1000, 440]
[1000, 445]
[2000, 555]
[2000, 542]
[2000, 556]
[2000, 519]
[2000, 529]
[2000, 518]
[2000, 537]
[2000, 555]
[2000, 521]
[2000, 531]
[3000, 567]
[3000, 663]
[3000, 608]
[3000, 603]
[3000, 613]
[3000, 619]
[3000, 620]
[3000, 655]
[3000, 607]
[3000, 605]
[4000, 703]
[4000, 686]
[4000, 699]
[4000, 711]
[4000, 674]
[4000, 700]
[4000, 690]
[4000, 701]
[4000, 691]
[4000, 661]
[5000, 758]
[5000, 738]
[5000, 756]
[5000, 749]
[5000, 759]
[5000, 764]
[5000, 767]
[5000, 767]
[5000, 780]
[5000, 804]
[6000, 811]
[6000, 838]
[6000, 789]
[6000, 882]
[6000, 849]
[6000, 796]
[6000, 807]
[6000, 832]
[6000, 836]
[6000, 820]
[7000, 895]
[7000, 1000]
[7000, 948]
[7000, 907]
[7000, 918]
[7000, 886]
[7000, 886]
[7000, 915]
[7000, 895]
[7000, 889]
[8000, 1015]
[8000, 1009]
[8000, 917]
[8000, 926]
[8000, 979]
[8000, 959]
[8000, 995]
[8000, 970]
[8000, 1006]
[8000, 977]
