[1000, 139]
[1000, 119]
[1000, 130]
[1000, 155]
[1000, 111]
[1000, 128]
[1000, 132]
[1000, 143]
[1000, 147]
[1000, 132]
[2000, 172]
[2000, 167]
[2000, 180]
[2000, 183]
[2000, 172]
[2000, 171]
[2000, 182]
[2000, 157]
[2000, 187]
[2000, 156]
[3000, 217]
[3000, 208]
[3000, 213]
[3000, 193]
[3000, 199]
[3000, 200]
[3000, 210]
[3000, 214]
[3000, 222]
[3000, 208]
[4000, 251]
[4000, 233]
[4000, 215]
[4000, 248]
[4000, 260]
[4000, 250]
[4000, 255]
[4000, 235]
[4000, 259]
[4000, 267]
[5000, 263]
[5000, 286]
[5000, 280]
[5000, 280]
[5000, 290]
[5000, 299]
[5000, 293]
[5000, 286]
[5000, 317]
[5000, 294]
[6000, 325]
[6000, 314]
[6000, 342]
[6000, 308]
[6000, 299]
[6000, 311]
[6000, 333]
[6000, 334]
[6000, 335]
[6000, 323]
[7000, 382]
[7000, 355]
[7000, 386]
[7000, 354]
[7000, 372]
[7000, 363]
[7000, 307]
[7000, 332]
[7000, 352]
[7000, 387]
[8000, 378]
[8000, 432]
[8000, 411]
[8000, 361]
[8000, 416]
[8000, 400]
[8000, 399]
[8000, 398]
[8000, 385]
[8000, 365]
