[1000, 89]
[1000, 92]
[1000, 92]
[1000, 105]
[1000, 105]
[1000, 81]
[1000, 102]
[1000, 84]
[1000, 100]
[1000, 84]
[2000, 117]
[2000, 126]
[2000, 115]
[2000, 133]
[2000, 110]
[2000, 132]
[2000, 118]
[2000, 131]
[2000, 122]
[2000, 115]
[3000, 172]
[3000, 170]
[3000, 139]
[3000, 148]
[3000, 150]
[3000, 133]
[3000, 172]
[3000, 151]
[3000, 130]
[3000, 170]
[4000, 182]
[4000, 202]
[4000, 179]
[4000, 167]
[4000, 185]
[4000, 185]
[4000, 174]
[4000, 164]
[4000, 180]
[4000, 196]
[5000, 199]
[5000, 193]
[5000, 201]
[5000, 209]
[5000, 212]
[5000, 205]
[5000, 200]
[5000, 213]
[5000, 218]
[5000, 228]
[6000, 259]
[6000, 260]
[6000, 222]
[6000, 236]
[6000, 236]
[6000, 247]
[6000, 244]
[6000, 236]
[6000, 238]
[6000, 221]
[7000, 296]
[7000, 256]
[7000, 267]
[7000, 292]
[7000, 278]
[7000, 245]
[7000, 243]
[7000, 257]
[7000, 252]
[7000, 263]
[8000, 296]
[8000, 293]
[8000, 305]
[8000, 271]
[8000, 288]
[8000, 303]
[8000, 303]
[8000, 296]
[8000, 333]
[8000, 282]
