[1000, 9]
[1000, 11]
[1000, 11]
[1000, 13]
[1000, 10]
[1000, 19]
[1000, 15]
[1000, 9]
[1000, 23]
[1000, 14]
[2000, 22]
[2000, 26]
[2000, 27]
[2000, 22]
[2000, 24]
[2000, 22]
[2000, 20]
[2000, 32]
[2000, 20]
[2000, 28]
[3000, 21]
[3000, 32]
[3000, 29]
[3000, 23]
[3000, 26]
[3000, 32]
[3000, 27]
[3000, 29]
[3000, 20]
[3000, 31]
[4000, 31]
[4000, 30]
[4000, 37]
[4000, 26]
[4000, 36]
[4000, 37]
[4000, 28]
[4000, 40]
[4000, 40]
[4000, 27]
[5000, 45]
[5000, 27]
[5000, 42]
[5000, 52]
[5000, 30]
[5000, 44]
[5000, 34]
[5000, 35]
[5000, 46]
[5000, 33]
[6000, 44]
[6000, 56]
[6000, 51]
[6000, 44]
[6000, 62]
[6000, 51]
[6000, 45]
[6000, 49]
[6000, 44]
[6000, 44]
[7000, 50]
[7000, 57]
[7000, 59]
[7000, 64]
[7000, 56]
[7000, 56]
[7000, 66]
[7000, 54]
[7000, 53]
[7000, 42]
[8000, 73]
[8000, 55]
[8000, 59]
[8000, 65]
[8000, 57]
[8000, 58]
[8000, 66]
[8000, 51]
[8000, 71]
[8000, 57]
