[1000, 1000]
[1000, 975]
[1000, 975]
[1000, 974]
[1000, 983]
[1000, 1054]
[1000, 976]
[1000, 1030]
[1000, 1040]
[1000, 973]
[2000, 1142]
[2000, 1136]
[2000, 1133]
[2000, 1077]
[2000, 1093]
[2000, 1148]
[2000, 1132]
[2000, 1033]
[2000, 1100]
[2000, 1076]
[3000, 1263]
[3000, 1167]
[3000, 1247]
[3000, 1259]
[3000, 1270]
[3000, 1223]
[3000, 1238]
[3000, 1224]
[3000, 1289]
[3000, 1190]
[4000, 1342]
[4000, 1338]
[4000, 1336]
[4000, 1390]
[4000, 1342]
[4000, 1366]
[4000, 1284]
[4000, 1380]
[4000, 1293]
[4000, 1313]
[5000, 1459]
[5000, 1444]
[5000, 1428]
[5000, 1421]
[5000, 1447]
[5000, 1415]
[5000, 1418]
[5000, 1400]
[5000, 1436]
[5000, 1455]
[6000, 1551]
[6000, 1550]
[6000, 1439]
[6000, 1462]
[6000, 1575]
[6000, 1528]
[6000, 1461]
[6000, 1527]
[6000, 1489]
[6000, 1554]
[7000, 1684]
[7000, 1674]
[7000, 1606]
[7000, 1700]
[7000, 1684]
[7000, 1660]
[7000, 1703]
[7000, 1662]
[7000, 1662]
[7000, 1669]
[8000, 1680]
[8000, 1782]
[8000, 1835]
[8000, 1813]
[8000, 1729]
[8000, 1792]
[8000, 1695]
[8000, 1757]
[8000, 1764]
[8000, 1806]
