[1000, 329]
[1000, 322]
[1000, 348]
[1000, 299]
[1000, 322]
[1000, 306]
[1000, 306]
[1000, 314]
[1000, 332]
[1000, 318]
[2000, 363]
[2000, 355]
[2000, 364]
[2000, 414]
[2000, 358]
[2000, 390]
[2000, 354]
[2000, 372]
[2000, 359]
[2000, 359]
[3000, 433]
[3000, 419]
[3000, 438]
[3000, 432]
[3000, 401]
[3000, 415]
[3000, 411]
[3000, 409]
[3000, 414]
[3000, 430]
[4000, 482]
[4000, 523]
[4000, 488]
[4000, 420]
[4000, 504]
[4000, 481]
[4000, 478]
[4000, 493]
[4000, 498]
[4000, 495]
[5000, 521]
[5000, 569]
[5000, 553]
[5000, 584]
[5000, 528]
[5000, 540]
[5000, 556]
[5000, 531]
[5000, 534]
[5000, 531]
[6000, 629]
[6000, 605]
[6000, 620]
[6000, 607]
[6000, 573]
[6000, 588]
[6000, 664]
[6000, 632]
[6000, 608]
[6000, 623]
[7000, 668]
[7000, 678]
[7000, 682]
[7000, 675]
[7000, 663]
[7000, 674]
[7000, 684]
[7000, 634]
[7000, 712]
[7000, 683]
[8000, 727]
[8000, 741]
[8000, 696]
[8000, 728]
[8000, 719]
[8000, 728]
[8000, 665]
[8000, 695]
[8000, 713]
[8000, 723]
