[1000, 619]
[1000, 634]
[1000, 663]
[1000, 619]
[1000, 661]
[1000, 641]
[1000, 645]
[1000, 611]
[1000, 658]
[1000, 682]
[2000, 715]
[2000, 764]
[2000, 768]
[2000, 710]
[2000, 715]
[2000, 769]
[2000, 765]
[2000, 770]
[2000, 739]
[2000, 771]
[3000, 787]
[3000, 868]
[3000, 850]
[3000, 803]
[3000, 878]
[3000, 850]
[3000, 847]
[3000, 836]
[3000, 815]
[3000, 872]
[4000, 878]
[4000, 935]
[4000, 864]
[4000, 917]
[4000, 857]
[4000, 916]
[4000, 923]
[4000, 941]
[4000, 908]
[4000, 908]
[5000, 1000]
[5000, 962]
[5000, 1059]
[5000, 1005]
[5000, 986]
[5000, 1015]
[5000, 1006]
[5000, 1040]
[5000, 1027]
[5000, 995]
[6000, 1080]
[6000, 1116]
[6000, 1030]
[6000, 1074]
[6000, 1144]
[6000, 1062]
[6000, 1040]
[6000, 1071]
[6000, 1103]
[6000, 1149]
[7000, 1178]
[7000, 1161]
[7000, 1206]
[7000, 1191]
[7000, 1190]
[7000, 1219]
[7000, 1181]
[7000, 1152]
[7000, 1217]
[7000, 1128]
[8000, 1186]
[8000, 1296]
[8000, 1307]
[8000, 1280]
[8000, 1294]
[8000, 1239]
[8000, 1287]
[8000, 1237]
[8000, 1285]
[8000, 1297]
