[1000, 553]
[1000, 562]
[1000, 523]
[1000, 569]
[1000, 552]
[1000, 539]
[1000, 540]
[1000, 529]
[1000, 522]
[1000, 547]
[2000, 644]
[2000, 619]
[2000, 641]
[2000, 655]
[2000, 625]
[2000, 691]
[2000, 607]
[2000, 675]
[2000, 615]
[2000, 648]
[3000, 693]
[3000, 720]
[3000, 705]
[3000, 749]
[3000, 690]
[3000, 707]
[3000, 684]
[3000, 650]
[3000, 758]
[3000, 756]
[4000, 787]
[4000, 835]
[4000, 787]
[4000, 816]
[4000, 794]
[4000, 870]
[4000, 800]
[4000, 828]
[4000, 802]
[4000, 815]
[5000, 889]
[5000, 917]
[5000, 896]
[5000, 851]
[5000, 910]
[5000, 863]
[5000, 951]
[5000, 894]
[5000, 894]
[5000, 899]
[6000, 988]
[6000, 938]
[6000, 897]
[6000, 970]
[6000, 963]
[6000, 1007]
[6000, 954]
[6000, 968]
[6000, 953]
[6000, 979]
[7000, 1065]
[7000, 1024]
[7000, 1003]
[7000, 1083]
[7000, 1032]
[7000, 1036]
[7000, 1039]
[7000, 1035]
[7000, 1018]
[7000, 1000]
[8000, 1092]
[8000, 1110]
[8000, 1071]
[8000, 1142]
[8000, 1151]
[8000, 1138]
[8000, 1113]
[8000, 1081]
[8000, 1075]
[8000, 1089]
