[1000, 770]
[1000, 764]
[1000, 753]
[1000, 709]
[1000, 752]
[1000, 770]
[1000, 801]
[1000, 769]
[1000, 725]
[1000, 766]
[2000, 857]
[2000, 866]
[2000, 852]
[2000, 812]
[2000, 934]
[2000, 843]
[2000, 847]
[2000, 868]
[2000, 830]
[2000, 901]
[3000, 995]
[3000, 943]
[3000, 937]
[3000, 884]
[3000, 944]
[3000, 921]
[3000, 906]
[3000, 920]
[3000, 927]
[3000, 1017]
[4000, 990]
[4000, 1068]
[4000, 1054]
[4000, 1098]
[4000, 1086]
[4000, 1067]
[4000, 1028]
[4000, 1023]
[4000, 1045]
[4000, 1077]
[5000, 1057]
[5000, 1205]
[5000, 1162]
[5000, 1106]
[5000, 1172]
[5000, 1126]
[5000, 1224]
[5000, 1087]
[5000, 1173]
[5000, 1145]
[6000, 1270]
[6000, 1234]
[6000, 1232]
[6000, 1223]
[6000, 1195]
[6000, 1163]
[6000, 1221]
[6000, 1259]
[6000, 1237]
[6000, 1239]
[7000, 1335]
[7000, 1354]
[7000, 1349]
[7000, 1285]
[7000, 1343]
[7000, 1296]
[7000, 1336]
[7000, 1257]
[7000, 1386]
[7000, 1354]
[8000, 1457]
[8000, 1396]
[8000, 1449]
[8000, 1434]
[8000, 1455]
[8000, 1476]
[8000, 1407]
[8000, 1406]
[8000, 1473]
[8000, 1415]
