[1000, 62]
[1000, 52]
[1000, 55]
[1000, 56]
[1000, 57]
[1000, 65]
[1000, 53]
[1000, 64]
[1000, 60]
[1000, 59]
[2000, 75]
[2000, 82]
[2000, 80]
[2000, 92]
[2000, 78]
[2000, 90]
[2000, 93]
[2000, 76]
[2000, 68]
[2000, 72]
[3000, 90]
[3000, 93]
[3000, 112]
[3000, 92]
[3000, 94]
[3000, 103]
[3000, 95]
[3000, 97]
[3000, 93]
[3000, 93]
[4000, 140]
[4000, 137]
[4000, 107]
[4000, 114]
[4000, 148]
[4000, 115]
[4000, 130]
[4000, 115]
[4000, 130]
[4000, 100]
[5000, 142]
[5000, 141]
[5000, 153]
[5000, 147]
[5000, 167]
[5000, 123]
[5000, 135]
[5000, 145]
[5000, 149]
[5000, 151]
[6000, 170]
[6000, 180]
[6000, 208]
[6000, 156]
[6000, 145]
[6000, 185]
[6000, 153]
[6000, 173]
[6000, 178]
[6000, 148]
[7000, 181]
[7000, 186]
[7000, 202]
[7000, 206]
[7000, 174]
[7000, 172]
[7000, 199]
[7000, 186]
[7000, 182]
[7000, 197]
[8000, 191]
[8000, 205]
[8000, 178]
[8000, 203]
[8000, 228]
[8000, 207]
[8000, 210]
[8000, 223]
[8000, 208]
[8000, 216]
