[1000, 0]
[1000, 0]
[1000, 0]
[1000, 0]
[1000, 0]
[1000, 0]
[1000, 0]
[1000, 0]
[1000, 0]
[1000, 0]
[1000, 0]
[1000, 0]
[1000, 0]
[1000, 0]
[1000, 0]
[1000, 0]
[1000, 0]
[1000, 0]
[1000, 0]
[1000, 0]
[1000, 0]
[1000, 0]
[1000, 0]
[1000, 0]
[1000, 0]
[1000, 0]
[1000, 0]
[1000, 0]
[1000, 0]
[1000, 0]
[1000, 0]
[1000, 0]
[1000, 0]
[1000, 0]
[1000, 0]
[1000, 0]
[1000, 0]
[1000, 0]
[1000, 0]
[1000, 0]
[1000, 0]
[1000, 0]
[1000, 0]
[1000, 0]
[1000, 0]
[1000, 0]
[1000, 0]
[1000, 0]
[1000, 0]
[1000, 0]
[1000, 0]
[1000, 0]
[1000, 0]
[1000, 0]
[1000, 0]
[1000, 0]
[1000, 0]
[1000, 0]
[1000, 0]
[1000, 0]
[1000, 0]
[1000, 0]
[1000, 0]
[1000, 0]
[1000, 0]
[1000, 0]
[1000, 0]
[1000, 0]
[1000, 0]
[1000, 0]
[1000, 0]
[1000, 0]
[1000, 0]
[1000, 0]
[1000, 0]
[1000, 0]
[1000, 0]
[1000, 0]
[1000, 0]
[1000, 0]
[1000, 0]
[1000, 0]
[1000, 0]
[1000, 0]
[1000, 0]
[1000, 0]
[1000, 0]
[1000, 0]
[1000, 0]
[1000, 0]
[1000, 0]
[1000, 0]
[1000, 0]
[1000, 0]
[1000, 0]
[1000, 0]
[1000, 0]
[1000, 0]
[1000, 0]
[1000, 0]
[2000, 0]
[2000, 0]
[2000, 0]
[2000, 0]
[2000, 0]
[2000, 0]
[2000, 0]
[2000, 0]
[2000, 0]
[2000, 0]
[2000, 0]
[2000, 0]
[2000, 0]
[2000, 0]
[2000, 0]
[2000, 0]
[2000, 0]
[2000, 0]
[2000, 0]
[2000, 0]
[2000, 0]
[2000, 0]
[2000, 0]
[2000, 0]
[2000, 0]
[2000, 0]
[2000, 0]
[2000, 0]
[2000, 0]
[2000, 0]
[2000, 0]
[2000, 0]
[2000, 0]
[2000, 0]
[2000, 0]
[2000, 0]
[2000, 0]
[2000, 0]
[2000, 0]
[2000, 0]
[2000, 0]
[2000, 0]
[2000, 0]
[2000, 0]
[2000, 0]
[2000, 0]
[2000, 0]
[2000, 0]
[2000, 0]
[2000, 0]
[2000, 0]
[2000, 0]
[2000, 0]
[2000, 0]
[2000, 0]
[2000, 0]
[2000, 0]
[2000, 0]
[2000, 0]
[2000, 0]
[2000, 0]
[2000, 0]
[2000, 0]
[2000, 0]
[2000, 0]
[2000, 0]
[2000, 0]
[2000, 0]
[2000, 0]
[2000, 0]
[2000, 0]
[2000, 0]
[2000, 0]
[2000, 0]
[2000, 0]
[2000, 0]
[2000, 0]
[2000, 0]
[2000, 0]
[2000, 0]
[2000, 0]
[2000, 0]
[2000, 0]
[2000, 0]
[2000, 0]
[2000, 0]
[2000, 0]
[2000, 0]
[2000, 0]
[2000, 0]
[2000, 0]
[2000, 0]
[2000, 0]
[2000, 0]
[2000, 0]
[2000, 0]
[2000, 0]
[2000, 0]
[2000, 0]
[2000, 0]
[3000, 0]
[3000, 0]
[3000, 0]
[3000, 0]
[3000, 0]
[3000, 0]
[3000, 0]
[3000, 0]
[3000, 0]
[3000, 0]
[3000, 0]
[3000, 0]
[3000, 0]
[3000, 0]
[3000, 0]
[3000, 0]
[3000, 0]
[3000, 0]
[3000, 0]
[3000, 0]
[3000, 0]
[3000, 0]
[3000, 0]
[3000, 0]
[3000, 0]
[3000, 0]
[3000, 0]
[3000, 0]
[3000, 0]
[3000, 0]
[3000, 0]
[3000, 0]
[3000, 0]
[3000, 0]
[3000, 0]
[3000, 0]
[3000, 0]
[3000, 0]
[3000, 0]
[3000, 0]
[3000, 0]
[3000, 0]
[3000, 0]
[3000, 0]
[3000, 0]
[3000, 0]
[3000, 0]
[3000, 0]
[3000, 1]
[3000, 0]
[3000, 0]
[3000, 0]
[3000, 0]
[3000, 0]
[3000, 0]
[3000, 0]
[3000, 0]
[3000, 0]
[3000, 0]
[3000, 0]
[3000, 0]
[3000, 0]
[3000, 0]
[3000, 0]
[3000, 0]
[3000, 0]
[3000, 0]
[3000, 0]
[3000, 0]
[3000, 0]
[3000, 0]
[3000, 0]
[3000, 0]
[3000, 0]
[3000, 0]
[3000, 0]
[3000, 0]
[3000, 0]
[3000, 0]
[3000, 0]
[3000, 0]
[3000, 0]
[3000, 0]
[3000, 0]
[3000, 0]
[3000, 0]
[3000, 0]
[3000, 0]
[3000, 0]
[3000, 0]
[3000, 0]
[3000, 0]
[3000, 0]
[3000, 0]
[3000, 0]
[3000, 0]
[3000, 0]
[3000, 0]
[3000, 0]
[3000, 0]
[5000, 0]
[5000, 0]
[5000, 0]
[5000, 0]
[5000, 0]
[5000, 0]
[5000, 0]
[5000, 0]
[5000, 0]
[5000, 0]
[5000, 0]
[5000, 0]
[5000, 0]
[5000, 0]
[5000, 0]
[5000, 0]
[5000, 0]
[5000, 0]
[5000, 0]
[5000, 0]
[5000, 0]
[5000, 1]
[5000, 0]
[5000, 0]
[5000, 0]
[5000, 0]
[5000, 0]
[5000, 0]
[5000, 0]
[5000, 0]
[5000, 0]
[5000, 0]
[5000, 0]
[5000, 0]
[5000, 0]
[5000, 0]
[5000, 0]
[5000, 0]
[5000, 0]
[5000, 0]
[5000, 0]
[5000, 0]
[5000, 0]
[5000, 0]
[5000, 0]
[5000, 2]
[5000, 0]
[5000, 0]
[5000, 0]
[5000, 0]
[5000, 0]
[5000, 0]
[5000, 0]
[5000, 0]
[5000, 0]
[5000, 0]
[5000, 0]
[5000, 0]
[5000, 0]
[5000, 1]
[5000, 0]
[5000, 0]
[5000, 0]
[5000, 0]
[5000, 0]
[5000, 0]
[5000, 0]
[5000, 0]
[5000, 0]
[5000, 0]
[5000, 0]
[5000, 0]
[5000, 0]
[5000, 0]
[5000, 1]
[5000, 0]
[5000, 0]
[5000, 0]
[5000, 0]
[5000, 0]
[5000, 0]
[5000, 0]
[5000, 0]
[5000, 0]
[5000, 0]
[5000, 0]
[5000, 0]
[5000, 0]
[5000, 1]
[5000, 0]
[5000, 0]
[5000, 0]
[5000, 1]
[5000, 0]
[5000, 0]
[5000, 0]
[5000, 0]
[5000, 0]
[5000, 0]
[5000, 0]
[10000, 0]
[10000, 0]
[10000, 0]
[10000, 0]
[10000, 0]
[10000, 0]
[10000, 0]
[10000, 0]
[10000, 0]
[10000, 0]
[10000, 0]
[10000, 0]
[10000, 1]
[10000, 0]
[10000, 0]
[10000, 0]
[10000, 0]
[10000, 0]
[10000, 0]
[10000, 0]
[10000, 0]
[10000, 1]
[10000, 0]
[10000, 0]
[10000, 0]
[10000, 0]
[10000, 0]
[10000, 0]
[10000, 0]
[10000, 0]
[10000, 0]
[10000, 0]
[10000, 0]
[10000, 0]
[10000, 0]
[10000, 0]
[10000, 0]
[10000, 0]
[10000, 0]
[10000, 0]
[10000, 0]
[10000, 0]
[10000, 0]
[10000, 0]
[10000, 0]
[10000, 0]
[10000, 0]
[10000, 0]
[10000, 0]
[10000, 0]
[10000, 0]
[10000, 0]
[10000, 0]
[10000, 0]
[10000, 0]
[10000, 0]
[10000, 0]
[10000, 0]
[10000, 0]
[10000, 0]
[10000, 0]
[10000, 0]
[10000, 0]
[10000, 0]
[10000, 0]
[10000, 0]
[10000, 0]
[10000, 0]
[10000, 0]
[10000, 0]
[10000, 0]
[10000, 0]
[10000, 0]
[10000, 0]
[10000, 2]
[10000, 0]
[10000, 0]
[10000, 0]
[10000, 0]
[10000, 0]
[10000, 0]
[10000, 0]
[10000, 0]
[10000, 0]
[10000, 0]
[10000, 1]
[10000, 0]
[10000, 0]
[10000, 0]
[10000, 0]
[10000, 0]
[10000, 0]
[10000, 0]
[10000, 0]
[10000, 0]
[10000, 0]
[10000, 1]
[10000, 0]
[10000, 0]
[10000, 0]
[15000, 0]
[15000, 0]
[15000, 1]
[15000, 2]
[15000, 2]
[15000, 0]
[15000, 0]
[15000, 0]
[15000, 0]
[15000, 0]
[15000, 2]
[15000, 0]
[15000, 1]
[15000, 1]
[15000, 0]
[15000, 0]
[15000, 0]
[15000, 1]
[15000, 0]
[15000, 1]
[15000, 0]
[15000, 0]
[15000, 0]
[15000, 0]
[15000, 1]
[15000, 0]
[15000, 0]
[15000, 0]
[15000, 0]
[15000, 0]
[15000, 0]
[15000, 1]
[15000, 1]
[15000, 0]
[15000, 0]
[15000, 0]
[15000, 0]
[15000, 0]
[15000, 0]
[15000, 1]
[15000, 0]
[15000, 1]
[15000, 0]
[15000, 0]
[15000, 1]
[15000, 2]
[15000, 0]
[15000, 2]
[15000, 0]
[15000, 0]
[15000, 0]
[15000, 1]
[15000, 0]
[15000, 0]
[15000, 1]
[15000, 1]
[15000, 0]
[15000, 0]
[15000, 0]
[15000, 1]
[15000, 1]
[15000, 0]
[15000, 1]
[15000, 0]
[15000, 0]
[15000, 0]
[15000, 1]
[15000, 0]
[15000, 0]
[15000, 1]
[15000, 0]
[15000, 0]
[15000, 0]
[15000, 0]
[15000, 3]
[15000, 1]
[15000, 0]
[15000, 0]
[15000, 0]
[15000, 1]
[15000, 0]
[15000, 0]
[15000, 0]
[15000, 0]
[15000, 0]
[15000, 2]
[15000, 0]
[15000, 1]
[15000, 0]
[15000, 0]
[15000, 0]
[15000, 0]
[15000, 0]
[15000, 0]
[15000, 1]
[15000, 0]
[15000, 0]
[15000, 1]
[15000, 0]
[15000, 0]
[20000, 1]
[20000, 2]
[20000, 1]
[20000, 0]
[20000, 1]
[20000, 4]
[20000, 0]
[20000, 2]
[20000, 0]
[20000, 0]
[20000, 2]
[20000, 1]
[20000, 1]
[20000, 3]
[20000, 0]
[20000, 3]
[20000, 1]
[20000, 1]
[20000, 3]
[20000, 0]
[20000, 0]
[20000, 1]
[20000, 2]
[20000, 1]
[20000, 2]
[20000, 2]
[20000, 3]
[20000, 3]
[20000, 1]
[20000, 1]
[20000, 3]
[20000, 1]
[20000, 4]
[20000, 1]
[20000, 1]
[20000, 1]
[20000, 2]
[20000, 1]
[20000, 1]
[20000, 2]
[20000, 2]
[20000, 2]
[20000, 1]
[20000, 1]
[20000, 1]
[20000, 1]
[20000, 1]
[20000, 0]
[20000, 4]
[20000, 2]
[20000, 2]
[20000, 0]
[20000, 0]
[20000, 1]
[20000, 2]
[20000, 4]
[20000, 1]
[20000, 0]
[20000, 2]
[20000, 2]
[20000, 1]
[20000, 1]
[20000, 0]
[20000, 2]
[20000, 4]
[20000, 0]
[20000, 1]
[20000, 2]
[20000, 1]
[20000, 4]
[20000, 3]
[20000, 2]
[20000, 4]
[20000, 1]
[20000, 3]
[20000, 1]
[20000, 4]
[20000, 1]
[20000, 1]
[20000, 2]
[20000, 2]
[20000, 2]
[20000, 0]
[20000, 1]
[20000, 1]
[20000, 1]
[20000, 0]
[20000, 1]
[20000, 0]
[20000, 2]
[20000, 1]
[20000, 1]
[20000, 0]
[20000, 1]
[20000, 2]
[20000, 1]
[20000, 3]
[20000, 2]
[20000, 2]
[20000, 2]
[25000, 5]
[25000, 1]
[25000, 2]
[25000, 5]
[25000, 4]
[25000, 2]
[25000, 2]
[25000, 4]
[25000, 8]
[25000, 2]
[25000, 5]
[25000, 3]
[25000, 2]
[25000, 3]
[25000, 2]
[25000, 2]
[25000, 7]
[25000, 1]
[25000, 3]
[25000, 1]
[25000, 1]
[25000, 0]
[25000, 4]
[25000, 2]
[25000, 3]
[25000, 2]
[25000, 4]
[25000, 1]
[25000, 5]
[25000, 6]
[25000, 2]
[25000, 4]
[25000, 6]
[25000, 2]
[25000, 4]
[25000, 5]
[25000, 2]
[25000, 5]
[25000, 3]
[25000, 5]
[25000, 1]
[25000, 3]
[25000, 5]
[25000, 8]
[25000, 1]
[25000, 1]
[25000, 7]
[25000, 2]
[25000, 1]
[25000, 1]
[25000, 7]
[25000, 5]
[25000, 1]
[25000, 2]
[25000, 5]
[25000, 5]
[25000, 7]
[25000, 1]
[25000, 3]
[25000, 4]
[25000, 5]
[25000, 4]
[25000, 4]
[25000, 2]
[25000, 5]
[25000, 3]
[25000, 5]
[25000, 5]
[25000, 3]
[25000, 5]
[25000, 5]
[25000, 6]
[25000, 3]
[25000, 4]
[25000, 5]
[25000, 2]
[25000, 4]
[25000, 3]
[25000, 4]
[25000, 3]
[25000, 4]
[25000, 5]
[25000, 2]
[25000, 5]
[25000, 4]
[25000, 4]
[25000, 3]
[25000, 4]
[25000, 3]
[25000, 5]
[25000, 2]
[25000, 2]
[25000, 4]
[25000, 1]
[25000, 8]
[25000, 5]
[25000, 6]
[25000, 3]
[25000, 6]
[25000, 2]
[30000, 6]
[30000, 8]
[30000, 11]
[30000, 8]
[30000, 13]
[30000, 10]
[30000, 6]
[30000, 6]
[30000, 5]
[30000, 6]
[30000, 11]
[30000, 6]
[30000, 8]
[30000, 6]
[30000, 8]
[30000, 9]
[30000, 2]
[30000, 9]
[30000, 6]
[30000, 10]
[30000, 9]
[30000, 7]
[30000, 9]
[30000, 5]
[30000, 3]
[30000, 5]
[30000, 6]
[30000, 10]
[30000, 8]
[30000, 13]
[30000, 4]
[30000, 10]
[30000, 7]
[30000, 4]
[30000, 8]
[30000, 2]
[30000, 9]
[30000, 4]
[30000, 8]
[30000, 8]
[30000, 7]
[30000, 8]
[30000, 8]
[30000, 8]
[30000, 11]
[30000, 5]
[30000, 8]
[30000, 3]
[30000, 10]
[30000, 8]
[30000, 5]
[30000, 6]
[30000, 6]
[30000, 7]
[30000, 9]
[30000, 6]
[30000, 8]
[30000, 8]
[30000, 4]
[30000, 10]
[30000, 5]
[30000, 8]
[30000, 9]
[30000, 11]
[30000, 8]
[30000, 4]
[30000, 18]
[30000, 7]
[30000, 9]
[30000, 4]
[30000, 5]
[30000, 10]
[30000, 5]
[30000, 11]
[30000, 12]
[30000, 9]
[30000, 8]
[30000, 8]
[30000, 5]
[30000, 7]
[30000, 7]
[30000, 10]
[30000, 10]
[30000, 11]
[30000, 6]
[30000, 9]
[30000, 7]
[30000, 6]
[30000, 9]
[30000, 3]
[30000, 7]
[30000, 5]
[30000, 7]
[30000, 8]
[30000, 13]
[30000, 11]
[30000, 7]
[30000, 6]
[30000, 5]
[30000, 9]
[35000, 16]
[35000, 20]
[35000, 10]
[35000, 15]
[35000, 15]
[35000, 18]
[35000, 15]
[35000, 13]
[35000, 8]
[35000, 16]
[35000, 18]
[35000, 13]
[35000, 19]
[35000, 17]
[35000, 19]
[35000, 11]
[35000, 13]
[35000, 11]
[35000, 16]
[35000, 13]
[35000, 16]
[35000, 12]
[35000, 15]
[35000, 11]
[35000, 12]
[35000, 13]
[35000, 21]
[35000, 18]
[35000, 12]
[35000, 9]
[35000, 19]
[35000, 15]
[35000, 14]
[35000, 19]
[35000, 8]
[35000, 10]
[35000, 22]
[35000, 20]
[35000, 14]
[35000, 8]
[35000, 13]
[35000, 20]
[35000, 12]
[35000, 12]
[35000, 21]
[35000, 17]
[35000, 17]
[35000, 5]
[35000, 11]
[35000, 12]
[35000, 11]
[35000, 16]
[35000, 11]
[35000, 15]
[35000, 19]
[35000, 16]
[35000, 11]
[35000, 14]
[35000, 14]
[35000, 14]
[35000, 8]
[35000, 14]
[35000, 21]
[35000, 15]
[35000, 16]
[35000, 10]
[35000, 16]
[35000, 18]
[35000, 10]
[35000, 15]
[35000, 9]
[35000, 12]
[35000, 8]
[35000, 14]
[35000, 16]
[35000, 15]
[35000, 14]
[35000, 13]
[35000, 19]
[35000, 15]
[35000, 12]
[35000, 18]
[35000, 19]
[35000, 16]
[35000, 27]
[35000, 8]
[35000, 16]
[35000, 14]
[35000, 13]
[35000, 24]
[35000, 9]
[35000, 13]
[35000, 13]
[35000, 12]
[35000, 16]
[35000, 9]
[35000, 7]
[35000, 12]
[35000, 14]
[35000, 15]
[40000, 24]
[40000, 19]
[40000, 24]
[40000, 23]
[40000, 28]
[40000, 24]
[40000, 24]
[40000, 21]
[40000, 15]
[40000, 20]
[40000, 21]
[40000, 19]
[40000, 19]
[40000, 27]
[40000, 27]
[40000, 29]
[40000, 24]
[40000, 22]
[40000, 23]
[40000, 22]
[40000, 15]
[40000, 23]
[40000, 22]
[40000, 29]
[40000, 19]
[40000, 18]
[40000, 16]
[40000, 21]
[40000, 23]
[40000, 15]
[40000, 26]
[40000, 28]
[40000, 28]
[40000, 26]
[40000, 25]
[40000, 23]
[40000, 29]
[40000, 20]
[40000, 24]
[40000, 21]
[40000, 19]
[40000, 21]
[40000, 14]
[40000, 17]
[40000, 18]
[40000, 11]
[40000, 41]
[40000, 19]
[40000, 23]
[40000, 29]
[40000, 24]
[40000, 17]
[40000, 22]
[40000, 18]
[40000, 17]
[40000, 16]
[40000, 21]
[40000, 23]
[40000, 14]
[40000, 28]
[40000, 23]
[40000, 20]
[40000, 18]
[40000, 27]
[40000, 26]
[40000, 21]
[40000, 14]
[40000, 18]
[40000, 32]
[40000, 20]
[40000, 28]
[40000, 20]
[40000, 10]
[40000, 20]
[40000, 22]
[40000, 22]
[40000, 28]
[40000, 28]
[40000, 20]
[40000, 25]
[40000, 19]
[40000, 18]
[40000, 20]
[40000, 16]
[40000, 20]
[40000, 19]
[40000, 19]
[40000, 20]
[40000, 23]
[40000, 20]
[40000, 19]
[40000, 20]
[40000, 15]
[40000, 22]
[40000, 9]
[40000, 26]
[40000, 29]
[40000, 18]
[40000, 24]
[40000, 23]
